6001
7935
0  1
0  35
0  50
0  97
0  123
0  135
0  145
0  146
0  944
0  1020
0  1050
0  1078
0  1103
0  1253
0  1499
0  1626
0  1640
0  1732
0  1782
0  1839
0  2096
0  2446
0  2575
0  2606
0  2685
0  2778
0  2976
0  3089
0  3091
0  3457
0  3621
0  3631
0  3643
0  3644
0  3716
0  3717
0  3718
0  3770
0  3774
0  3775
0  3776
0  3777
0  3778
0  4093
0  4140
0  4911
0  5024
0  5044
0  5412
0  5421
0  5440
1  11
1  12
1  16
1  17
1  50
1  87
1  97
1  1179
1  1180
1  1613
1  1614
1  1619
1  1733
1  1734
1  1790
1  1816
1  1846
1  2266
1  2267
1  2268
1  2558
1  2897
1  2919
1  2937
1  2952
1  2982
1  3023
1  3052
1  3506
1  3675
1  3701
1  3705
1  3713
1  3714
1  3715
1  4058
1  4119
1  4120
1  4127
1  4134
1  4456
1  4627
1  4628
1  4982
1  4983
1  5017
1  5018
1  5019
1  5342
1  5594
2  3
2  4
2  5
2  6
2  115
2  164
2  633
2  2545
2  3202
2  3288
2  3921
2  4117
2  4757
2  4801
3  4
3  5
3  6
3  2062
3  2886
3  3037
3  3054
3  3724
3  3725
3  3726
3  3735
3  5945
4  5
4  6
4  160
4  1069
4  1548
4  3037
4  3724
4  3735
4  5073
4  5074
4  5075
5  6
5  1420
5  1421
5  1432
5  1433
5  2598
5  3356
5  3615
5  3618
5  5417
6  20
6  25
6  50
6  1432
6  1474
6  1490
6  1589
6  2549
6  3584
6  3615
6  3618
6  3635
6  3745
6  4128
6  4142
6  5324
7  87
7  127
7  2516
7  3071
7  5346
8  9
8  3678
8  3773
8  4051
8  5923
8  5946
10  11
10  12
10  2901
11  12
11  17
11  1179
11  1606
11  1723
11  2209
11  2320
11  2463
11  2466
11  2480
11  2518
11  2667
11  2682
11  2901
11  2935
11  2953
11  2955
11  2963
11  2973
11  2983
11  3012
11  3013
11  3024
11  3025
11  3063
11  3064
11  4355
11  4462
11  4756
11  4760
11  4769
11  5386
11  5949
11  5950
11  6000
12  78
12  79
12  84
12  85
12  91
12  92
12  93
12  96
12  97
12  1179
12  1632
12  1722
12  1723
12  2148
12  2263
12  2518
12  2891
12  2899
12  2901
12  2927
12  2933
12  2939
12  2946
12  2953
12  2970
12  2972
12  2978
12  2981
12  2982
12  2987
12  3021
12  3027
12  3073
12  3074
12  3610
12  3661
12  4347
12  4459
12  4460
12  4756
12  5279
12  5386
12  5388
12  5389
12  5392
12  5921
12  5935
12  5939
12  5941
13  14
13  15
13  2680
13  3002
13  3022
13  3422
13  3423
13  3614
13  3615
13  3618
13  3756
13  5504
13  5508
14  15
14  3614
14  5508
15  3614
15  4629
15  5870
15  5871
16  17
16  39
16  113
16  2061
16  2464
16  2469
16  2475
16  2956
17  38
17  62
17  88
17  932
17  1123
17  1124
17  1139
17  1575
17  1723
17  2516
17  2682
17  2956
17  3056
18  19
18  1263
18  1568
18  2360
18  2361
18  3558
18  4121
18  4338
18  4384
18  4438
18  4636
18  4669
18  4988
18  5486
18  5994
19  42
19  903
19  1227
19  1237
19  1257
19  1263
19  1562
19  1564
19  1565
19  1566
19  1567
19  1568
19  1569
19  1636
19  1754
19  1755
19  1756
19  1757
19  1758
19  1759
19  1762
19  1763
19  1764
19  2360
19  2361
19  4338
19  4384
19  4438
19  4636
19  4669
19  4988
19  5486
19  5994
20  21
20  22
20  23
20  24
20  25
20  4472
20  4473
20  5953
21  22
21  23
21  24
21  25
21  4472
22  23
22  24
22  25
23  24
23  25
24  25
24  5953
25  2850
25  4390
25  4391
25  4472
25  4473
26  145
26  146
27  28
27  29
27  30
27  82
27  1156
27  1417
27  1450
27  1510
27  1560
27  1561
27  2642
27  2892
27  3038
27  3079
27  3086
27  3168
27  3306
27  3307
27  3397
27  3662
27  5060
28  29
28  30
28  1103
28  1388
28  1397
28  1450
28  1483
28  1561
28  2216
28  2950
28  2995
28  3038
28  3397
28  3629
28  3646
28  3647
28  3649
28  3650
28  3653
28  5409
28  5507
29  30
29  2950
29  3647
30  903
30  963
30  965
30  1457
30  4978
31  115
31  3758
32  33
32  34
32  59
32  757
32  758
32  759
32  760
32  1814
32  1820
32  3624
32  3636
32  4094
33  34
34  3540
35  36
35  37
35  42
35  97
35  155
35  752
35  944
35  945
35  946
35  956
35  1077
35  1078
35  1246
35  1373
35  1400
35  1470
35  1499
35  1913
35  1930
35  1931
35  1932
35  1933
35  1934
35  1936
35  1937
35  1938
35  1949
35  2139
35  2265
35  2269
35  2271
35  2272
35  2273
35  2446
35  2676
35  2773
35  2778
35  2925
35  2952
35  2995
35  3096
35  3161
35  3162
35  3608
35  3609
35  4211
35  4458
35  4645
35  4809
35  4810
35  4941
35  4975
35  4976
35  5440
35  5441
35  5468
35  5469
35  5470
35  5522
35  5586
35  5615
35  5951
35  5968
36  37
38  82
38  87
38  88
38  89
38  127
38  1139
38  2516
38  3056
38  3091
38  3477
38  3790
38  5399
39  40
39  52
39  88
39  113
39  2282
39  2729
39  3059
39  3082
39  3670
39  4175
39  5868
39  5869
40  88
40  1067
40  1874
40  2426
40  2956
40  3056
40  3059
40  3092
40  3995
40  4758
40  4863
41  42
41  43
41  3678
41  3751
42  43
42  79
42  87
42  95
42  96
42  101
42  102
42  103
42  104
42  105
42  106
42  122
42  944
42  1246
42  1315
42  1370
42  1422
42  1423
42  1521
42  2956
42  2959
42  3095
42  5506
42  5925
43  108
43  1179
43  1521
43  2965
43  2966
43  3023
43  3050
43  3051
43  3080
43  3099
43  3795
43  4981
43  5476
44  45
44  46
44  47
44  79
44  158
44  1881
44  2255
44  2256
44  2987
44  2988
44  2989
44  3066
44  3676
45  46
45  47
45  158
45  1912
45  2067
45  2880
45  2989
45  3066
45  4389
46  47
46  1881
46  2924
46  2987
46  2989
46  3066
48  49
48  50
48  222
48  724
48  1075
48  1220
48  1221
48  1252
48  1253
48  1258
48  1355
48  1404
48  1493
48  1526
48  1529
48  1556
48  1557
48  1558
48  1563
48  1576
48  1577
48  1626
48  1627
48  1638
48  1693
48  1738
48  1791
48  1811
48  2108
48  2109
48  2110
48  2111
48  2112
48  2248
48  2249
48  2250
48  2572
48  2576
48  2622
48  3501
48  3554
48  3628
48  3639
48  3648
48  3651
48  3652
48  3672
48  3972
48  4062
48  4063
48  4106
48  4468
48  4587
48  4955
48  5519
49  50
49  160
49  1220
49  1252
49  1253
49  1526
49  1640
49  1641
49  1743
49  1801
49  2533
49  3039
49  3623
49  3640
49  3672
49  3673
49  5934
49  5956
50  989
50  1252
50  1253
50  1390
50  1490
50  1619
50  1620
50  1621
50  1640
50  1641
50  1801
50  2606
50  2644
50  2685
50  3612
50  3627
50  3628
50  3651
50  3712
50  3745
50  4086
50  4150
50  4821
51  3016
51  3678
51  5931
52  53
52  80
52  147
52  2729
52  2915
52  2941
52  2942
52  3018
52  4175
52  4465
53  2915
54  55
55  94
55  95
55  96
55  2064
55  2215
55  2914
55  2915
55  2926
55  3748
56  57
56  2928
56  3684
57  110
57  145
57  5411
58  59
58  246
58  484
58  1776
58  1796
58  1951
58  2636
58  3408
58  3666
59  246
59  484
59  1776
59  1796
59  1814
59  1820
59  1951
59  2636
59  3408
59  3624
59  3636
59  3666
59  3683
60  61
60  3016
60  3542
60  4856
60  5490
60  5936
60  5957
60  5958
61  88
61  967
61  1575
61  1596
61  1597
61  3658
61  3675
61  3697
61  3698
61  3766
61  4820
61  4986
61  5065
61  5325
62  63
62  64
62  77
62  95
62  96
62  102
62  122
62  165
62  744
62  745
62  1082
62  1091
62  1403
62  1465
62  1468
62  1505
62  1539
62  1575
62  1600
62  1899
62  1973
62  2021
62  2025
62  2371
62  2493
62  3065
62  3081
62  3617
62  3659
62  4795
62  4803
63  64
63  1393
63  1438
63  1456
63  1500
63  1501
63  1611
63  1899
63  1977
63  2025
63  2519
63  3694
63  5326
63  5327
63  5328
64  77
64  805
64  864
64  1393
64  1410
64  1418
64  1442
64  1473
64  1481
64  1539
64  1555
64  1611
64  1897
64  1898
64  1899
64  2017
64  2025
64  2196
64  3081
64  3755
64  4653
64  4987
65  3015
65  3016
65  3784
66  1129
66  2061
66  2464
66  2469
66  2475
66  3059
67  68
67  69
67  4525
67  4526
68  69
68  2884
68  2885
69  2884
69  2885
70  72
70  73
71  123
71  1050
71  2954
71  3625
72  73
72  87
72  2933
72  3014
72  3025
72  3170
72  5279
72  5334
72  5340
72  5341
72  5350
72  5354
72  5423
73  87
73  2933
73  3014
73  3170
73  5334
73  5340
73  5350
73  5423
74  75
75  107
75  135
75  2497
75  2971
75  3046
75  3049
75  3084
75  3630
75  3681
75  3794
75  5338
76  77
77  88
77  102
77  1423
77  1444
77  1457
77  1468
77  1481
77  1538
77  1551
77  1588
77  1788
77  1789
77  1809
77  1899
77  1943
77  1972
77  2017
77  2018
77  2099
77  2196
77  2473
77  2549
77  2551
77  2919
77  3005
77  3140
77  3552
77  3785
77  4068
77  4079
77  4084
77  4151
77  4653
77  4835
77  5319
77  5583
77  5584
77  5614
77  5894
77  5895
78  79
78  2897
78  2959
78  2980
78  2987
78  3020
78  3058
78  3075
78  3097
78  3098
78  5434
78  5927
78  5928
78  5930
79  87
79  92
79  96
79  97
79  159
79  1315
79  1632
79  2897
79  2899
79  2900
79  2907
79  2910
79  2911
79  2912
79  2927
79  2930
79  2931
79  2932
79  2933
79  2934
79  2938
79  2939
79  2946
79  2951
79  2958
79  2959
79  2960
79  2968
79  2970
79  2972
79  2974
79  2975
79  2980
79  2981
79  2982
79  2987
79  2988
79  2989
79  3000
79  3001
79  3002
79  3007
79  3008
79  3009
79  3010
79  3011
79  3027
79  3029
79  3057
79  3058
79  3065
79  3075
79  3094
79  3095
79  3102
79  3103
79  3610
79  3679
79  5393
79  5400
79  5434
79  5509
79  5924
79  5927
79  5928
79  5929
79  5930
79  5939
79  5940
79  5952
80  147
81  1156
81  4656
82  2642
82  3306
82  3307
82  3477
82  3790
83  152
83  1721
84  85
84  1752
84  3444
84  4991
85  1160
85  2891
85  3087
85  5388
85  5389
85  5965
85  5966
85  5967
86  812
86  1730
86  1821
86  2440
86  2902
86  2913
86  2919
86  2922
86  2923
86  2927
86  2966
86  2967
86  2977
86  3010
86  3017
86  3019
86  3035
86  3036
86  3076
86  3085
86  3090
86  3104
86  3105
86  3106
86  3107
86  3108
86  3109
86  3110
86  4917
86  4918
86  4919
86  5937
86  5938
87  88
87  89
87  92
87  159
87  973
87  1071
87  1072
87  1179
87  1446
87  1805
87  2929
87  2956
87  3017
87  3019
87  3065
87  3107
87  3638
87  3654
87  3710
87  3758
87  5336
87  5346
87  5393
87  5398
87  5418
87  5423
88  89
88  102
88  1794
88  1875
88  2919
88  2956
88  3033
88  3056
88  3072
88  3092
88  3107
88  3619
88  3658
88  3695
88  4812
88  4954
90  144
90  4347
91  92
91  93
91  97
91  99
91  1132
91  1153
91  1619
91  3711
91  3793
91  4457
92  93
92  1632
92  1722
92  2983
92  3030
92  3043
92  3053
92  3060
92  4455
92  5335
92  5921
92  5960
94  95
94  96
94  2064
94  2914
94  2915
95  96
95  122
95  165
95  744
95  745
95  1410
95  1600
95  2956
95  2959
95  3081
95  3659
95  4471
95  4899
95  5337
95  5832
96  102
96  122
96  165
96  744
96  745
96  1370
96  1521
96  1600
96  2915
96  2918
96  2920
96  2921
96  2956
96  3081
96  3659
96  5506
96  5926
97  98
97  99
97  145
97  1373
97  1499
97  1510
97  1613
97  1614
97  1619
97  1782
97  2251
97  2252
97  2254
97  2546
97  2575
97  2778
97  2916
97  2933
97  2976
97  2983
97  3062
97  3127
97  3610
97  3611
97  3661
97  3701
97  3719
97  3720
97  3721
97  3793
97  4127
97  4134
97  4461
97  4470
97  4989
97  5961
98  99
98  1782
98  3701
99  3089
99  5961
100  954
100  979
100  1058
100  1068
100  1168
100  1372
100  1391
100  1392
100  1416
100  1452
100  1478
100  1493
100  1524
100  2906
100  2997
100  3031
100  3202
100  3704
100  3721
100  3722
100  3723
100  3792
100  4117
100  4801
100  4903
100  5391
100  5422
101  102
101  103
101  104
101  105
102  103
102  104
102  105
102  107
102  122
102  155
102  165
102  1490
102  1600
102  2550
102  2956
102  2973
102  3081
102  4524
102  5360
103  104
103  105
104  105
106  122
106  2956
106  3034
106  3070
106  3083
106  5397
107  2971
107  3065
107  3088
107  3794
107  5338
107  5339
108  109
108  1070
108  1521
108  2027
108  2029
108  2940
108  4744
110  145
110  146
110  5411
110  5933
111  2550
111  3290
111  5322
111  5323
111  5330
111  5331
111  5332
111  5333
111  5347
111  5348
111  5352
111  5356
111  5357
111  5358
111  5359
112  4347
114  115
114  164
115  164
115  353
115  1410
115  1490
115  2538
115  2539
115  2549
115  2685
115  2884
115  2886
115  3037
115  3044
115  3055
115  3613
115  3663
115  3664
115  3686
115  3736
115  3749
115  3750
115  3758
115  4091
115  4997
115  5321
115  5324
115  5329
115  5349
115  5353
115  5395
115  5424
116  147
116  3069
117  144
117  3613
117  4347
117  4348
117  4349
118  119
118  821
118  1150
118  1182
118  1201
118  1212
118  1213
118  1214
118  1215
118  1218
118  1219
118  1228
118  1229
118  1233
118  1860
118  2262
118  3015
118  3016
118  3042
118  3363
118  3484
118  3485
118  3525
118  3528
118  3763
118  3764
118  4422
118  4424
118  4432
118  4467
118  4631
118  4659
118  4661
118  4662
118  4861
118  4862
118  4865
119  3363
119  3528
119  3763
119  3764
119  4467
120  121
120  4647
120  5394
120  5396
121  125
121  126
121  4647
121  5387
122  2956
122  3659
123  124
123  979
123  1050
123  1375
123  1732
123  3515
123  3625
123  4990
123  5410
123  5627
124  1247
125  126
125  141
125  2943
125  2944
125  2961
125  3045
125  5387
125  5959
126  139
126  140
126  141
126  2903
126  2904
126  2905
126  2908
126  2909
126  2943
126  2944
126  2961
126  2962
126  3077
126  3078
126  3100
126  3101
126  5387
126  5942
126  5943
126  5944
126  5955
127  1414
127  2171
127  3028
127  3071
127  3091
127  3700
127  5107
127  5109
127  5110
127  5320
127  5399
127  5414
127  5415
127  5419
127  5420
127  5922
127  5947
128  129
128  147
128  1170
128  1171
128  2231
128  3047
128  3093
128  4347
128  4745
128  4746
128  5875
128  5936
129  143
129  4347
129  5936
130  135
130  951
130  2773
130  2949
130  2996
131  132
131  133
131  148
131  149
131  150
131  151
131  2898
131  2954
131  2990
131  2991
131  4168
131  4169
131  4386
131  5918
131  5919
131  5920
131  5962
132  133
133  135
133  2954
133  2991
133  3404
134  135
134  148
134  2991
135  148
135  1020
135  1044
135  1082
135  2325
135  2773
135  2936
135  2985
135  2991
135  2992
135  2998
135  2999
135  3630
135  3681
135  3702
135  3737
135  4463
135  4464
135  4650
135  5412
135  5416
136  137
136  138
137  138
137  1411
137  2969
137  2986
137  3067
137  4476
137  4528
137  4529
137  4530
137  4791
137  4792
137  4793
137  5917
138  1315
138  4466
138  4528
139  140
139  141
139  809
139  2139
139  3026
139  3100
139  4171
139  4779
139  4780
139  4867
140  141
140  2903
140  2962
140  3100
140  4171
140  5932
140  5964
141  2943
141  2944
141  3100
142  143
142  144
143  144
143  2482
143  2483
143  2484
143  5548
144  752
144  753
144  754
144  3613
144  4347
144  4684
144  5824
144  5963
145  146
145  2472
145  2928
145  3644
145  4461
145  4901
145  5411
145  5933
146  3644
146  5933
147  2917
147  2918
147  3018
147  3047
147  3069
147  4465
147  4683
147  5948
147  5954
148  149
148  151
148  2990
148  2991
148  4168
148  4169
148  5505
149  150
149  151
149  2990
149  2991
149  4168
149  4169
150  151
150  3038
150  4386
150  5962
151  1510
151  2990
151  2991
151  3038
151  4168
151  4169
152  153
152  154
152  1721
152  3032
152  3033
152  3690
153  154
155  156
155  1183
155  1184
155  1186
155  1220
155  1246
155  1315
155  1435
155  1529
155  1614
155  1631
155  1808
155  1932
155  1934
155  1949
155  2076
155  2077
155  2100
155  2265
155  2271
155  2515
155  2667
155  2896
155  2907
155  2947
155  2948
155  2953
155  2964
155  2979
155  2993
155  2994
155  3006
155  3081
155  3616
155  3622
155  3668
155  3703
155  4454
155  4523
155  5011
155  5611
156  2896
156  2964
156  2979
156  2984
157  3625
157  3626
159  160
159  161
160  161
160  979
160  1069
160  1376
160  3039
160  3640
160  3673
160  4904
161  1399
161  1506
161  1507
161  1508
162  163
162  164
163  164
163  5345
164  425
164  558
164  633
164  924
164  1278
164  1449
164  2334
164  2563
164  2568
164  2569
164  2573
164  2599
164  2783
164  3068
164  3645
164  3663
164  3686
164  3749
164  3750
164  4592
164  4986
164  5163
164  5345
164  5351
164  5527
164  5530
164  5531
165  166
165  742
165  743
165  744
165  745
165  1026
165  1200
165  1600
165  1629
165  1630
165  2021
165  2395
165  2679
165  2709
165  2893
165  3048
165  4356
165  4477
165  4478
165  4479
165  4531
165  4707
165  4759
165  5565
166  1231
166  1328
166  1642
166  2883
166  2890
166  5069
166  5123
166  5124
167  168
167  175
167  214
167  2397
167  4034
167  5090
167  5091
167  5859
167  5866
168  845
168  853
168  859
168  872
168  882
168  883
168  884
168  889
168  892
168  895
168  896
168  906
168  1125
168  1662
168  1663
168  1666
168  1667
168  1668
168  2063
168  2080
168  2101
168  2131
168  2132
168  2149
168  2157
168  2318
168  2396
168  2397
168  2731
168  2747
168  3580
168  4034
168  4226
168  4533
168  4708
168  4762
168  4763
168  4764
168  4770
168  4771
168  4788
168  4789
168  5049
168  5092
168  5094
168  5095
168  5096
168  5266
168  5267
168  5268
168  5407
168  5559
168  5859
168  5996
169  170
169  171
169  861
169  866
169  881
169  935
169  937
169  971
169  992
169  1023
169  1033
169  1051
169  1052
169  1128
169  1129
169  1146
169  1147
169  1148
169  1150
169  1151
169  1216
169  1232
169  1236
169  1267
169  1340
169  1367
169  1389
169  1413
169  1519
169  1544
169  1570
169  1590
169  1622
169  1645
169  1674
169  1865
169  1935
169  1998
169  1999
169  2000
169  2001
169  2044
169  2048
169  2049
169  2050
169  2059
169  2060
169  2061
169  2068
169  2069
169  2070
169  2090
169  2106
169  2122
169  2136
169  2144
169  2154
169  2162
169  2164
169  2165
169  2166
169  2169
169  2195
169  2197
169  2379
169  2405
169  2406
169  2407
169  2419
169  2429
169  2475
169  2495
169  2513
169  2699
169  2700
169  2705
169  2710
169  2711
169  2712
169  2715
169  2750
169  2767
169  2842
169  2843
169  3113
169  3138
169  3139
169  3212
169  3589
169  3802
169  3803
169  3804
169  3807
169  3808
169  3809
169  3810
169  3991
169  3996
169  3997
169  3999
169  4000
169  4004
169  4007
169  4011
169  4012
169  4016
169  4018
169  4019
169  4020
169  4021
169  4032
169  4037
169  4045
169  4046
169  4048
169  4162
169  4164
169  4383
169  4445
169  4448
169  4665
169  4666
169  4680
169  4682
169  4716
169  4767
169  4797
169  4807
169  4841
169  4844
169  4992
169  4993
169  4994
169  4995
169  4998
169  5293
169  5316
169  5317
169  5467
169  5538
169  5540
169  5541
169  5566
169  5652
169  5663
169  5794
169  5795
169  5796
169  5797
169  5798
169  5858
169  5876
169  5887
169  5888
169  5893
170  171
170  1052
170  1147
170  1181
170  2429
170  3138
170  3355
170  4019
170  4448
170  4761
170  4767
171  1147
172  173
172  174
172  175
173  174
173  175
173  1144
173  1161
173  1283
173  1353
173  1356
173  1366
173  1599
173  1639
173  2352
173  2701
173  2714
173  2758
173  3600
173  4420
173  4675
173  4796
173  4800
173  5362
173  5535
174  175
175  2343
175  2344
175  4726
175  5090
175  5091
175  5362
176  2449
176  2928
176  5093
177  178
177  179
177  2467
178  179
178  1347
178  1358
178  1878
178  2116
178  2117
178  2467
178  3382
178  4256
178  4279
178  4290
178  4325
178  4927
178  5561
178  5562
178  5563
180  181
180  182
180  873
180  874
180  1344
180  1345
180  1658
180  1866
180  2134
180  2434
180  2435
180  3438
180  4024
180  4035
180  4344
180  4345
180  4715
180  4768
181  182
181  194
181  886
181  887
181  905
181  907
181  908
181  962
181  1185
181  1189
181  1190
181  1325
181  1326
181  1658
181  1866
181  2134
181  2377
181  2433
181  2434
181  2435
181  2748
181  2764
181  2765
181  2766
181  3438
181  3559
181  3588
181  4035
181  4247
181  4344
181  4345
181  4360
181  4379
181  4417
181  4534
181  4575
181  4608
181  4609
181  4718
181  4719
181  4720
181  4721
181  4728
181  4768
181  4776
181  4790
181  4868
181  5098
181  5384
181  5489
181  5549
181  5550
181  5553
181  5572
181  5575
181  5577
181  5973
181  5974
181  5975
181  5995
182  194
182  908
182  1658
182  2434
182  2435
182  3588
182  4534
182  4768
182  5098
182  5575
182  5975
183  184
183  194
183  1639
183  1877
183  2351
183  2352
183  2353
183  2355
183  3285
183  3296
183  4353
183  4521
183  4677
183  4723
183  4724
183  4772
183  4773
183  4855
183  5050
183  5582
184  1877
184  2352
184  2353
184  5582
185  186
185  1998
185  2324
185  5542
186  1612
186  1633
186  1715
186  1716
186  1717
186  1718
186  1719
186  1843
186  1917
186  1998
186  3138
186  4015
186  4016
186  4632
186  4735
186  4782
186  4798
186  4843
187  188
187  2081
187  3159
187  3160
187  4206
187  4785
187  5280
187  5534
187  5857
188  938
188  1601
188  1602
188  1671
188  2056
188  2083
188  2094
188  2121
188  2137
188  2341
188  2368
188  2384
188  2404
188  2725
188  2726
188  2727
188  2728
188  2756
188  2762
188  4165
188  4192
188  4626
188  4866
188  5076
188  5077
188  5243
188  5244
188  5248
188  5249
188  5255
188  5256
188  5265
189  190
190  2045
190  2046
190  2137
190  4040
190  4639
190  4751
190  4752
190  4845
190  5271
190  5272
190  5273
190  5274
190  5543
190  5892
191  192
192  901
192  2322
192  2749
192  2750
192  4358
192  4421
192  4660
192  4727
192  4799
192  4837
192  4838
192  4839
192  4840
192  5059
193  194
193  195
193  869
193  870
193  1877
193  4340
193  4714
193  5250
193  5251
193  5252
194  195
194  1877
194  2352
194  4534
194  5975
195  843
195  869
195  870
195  1877
195  2367
195  4340
195  4341
195  4714
195  5250
195  5251
195  5252
195  5253
195  5552
196  197
196  3989
196  4877
196  5363
197  3510
197  3989
197  4535
197  4874
197  4875
197  4877
197  4878
197  5363
197  5491
198  786
198  823
198  839
198  1158
198  1364
198  2079
198  2103
198  2123
198  2124
198  2125
198  2126
198  2160
198  2161
198  2257
198  2378
198  2457
198  2458
198  2749
198  2762
198  3543
198  3989
198  4043
198  4044
198  4049
198  4050
198  4161
198  4207
198  4346
198  4480
198  4722
198  4775
198  4872
198  5822
199  200
199  201
199  202
199  1727
199  2097
199  2098
199  2275
199  2382
199  2439
199  2801
199  3204
199  3767
199  4257
199  4258
199  4310
199  4613
199  4633
199  4749
199  4750
199  4786
199  4787
199  5111
200  201
200  202
200  879
200  2439
200  2673
200  2801
200  4753
200  4754
200  4755
201  202
201  2439
201  2673
201  2801
201  4753
201  4754
201  4755
202  2275
202  2439
202  2801
202  4257
202  4310
202  4749
202  4857
202  5111
202  5545
202  5555
203  204
203  205
203  206
204  205
204  206
204  4972
204  4973
204  4974
205  206
205  1004
205  1013
205  1275
205  1967
205  1982
205  2137
205  2338
205  2385
205  2715
205  2720
205  3998
205  4002
205  4003
205  4008
205  4009
205  4042
205  5242
205  5819
205  5820
205  5864
207  208
207  209
207  1534
207  1535
207  1536
207  1537
207  2459
207  3576
207  3577
207  3579
207  4681
207  4729
207  4730
207  4733
207  4850
208  209
208  1164
208  1165
208  1166
208  1167
208  1293
208  1324
208  1536
208  1537
208  1646
208  1673
208  1862
208  1863
208  2445
208  2469
208  2474
208  2755
208  3565
208  3571
208  3572
208  3573
208  3578
208  3581
208  4163
208  4354
208  4359
208  4731
208  4732
208  4734
208  4864
208  4869
208  5112
209  876
209  888
209  909
209  910
209  911
209  1065
209  1134
209  1293
209  1324
209  1536
209  1537
209  1646
209  1673
209  1708
209  1709
209  1724
209  1862
209  1863
209  2042
209  2071
209  2072
209  2073
209  2078
209  2146
209  2316
209  2326
209  2358
209  2359
209  2401
209  2402
209  2445
209  2471
209  2474
209  2504
209  2505
209  2506
209  2507
209  2660
209  2662
209  2672
209  2755
209  2772
209  3565
209  3566
209  3567
209  3568
209  3569
209  3570
209  3574
209  3575
209  3578
209  3581
209  4022
209  4163
209  4354
209  4359
209  4657
209  4685
209  4711
209  4731
209  4732
209  4734
209  4736
209  4737
209  5112
209  5246
209  5247
209  5254
209  5318
209  5433
209  5457
209  5458
209  5872
209  5878
209  5980
210  211
210  1012
210  1664
210  1870
210  1873
210  2133
210  2167
210  2328
210  2411
210  2430
210  2431
210  2719
210  2857
210  3583
210  4089
210  4167
210  4239
210  4313
210  4678
210  5066
210  5280
210  5551
210  5557
210  5558
210  5560
210  5570
210  5581
211  1282
211  1659
211  1673
211  1865
211  1868
211  2369
211  2415
211  2512
211  2678
211  4089
211  4392
211  4610
211  4870
211  4894
211  5277
211  5865
212  213
213  848
213  862
213  878
213  1049
213  1331
213  1332
213  2135
213  2138
213  2155
213  2156
213  2720
213  2745
213  2746
213  3586
213  4166
213  4393
213  4394
213  4784
213  5245
213  5257
213  5258
213  5259
214  1337
214  1368
214  1670
214  1672
214  1871
214  2721
214  3806
214  4036
214  4774
214  4777
214  4778
214  4842
214  4846
214  4847
214  4876
214  5275
214  5276
214  5402
214  5492
214  5493
214  5494
214  5495
214  5496
214  5497
214  5544
214  5821
215  216
215  941
216  801
216  890
216  891
216  1296
216  1330
216  1333
216  1855
216  1895
216  1896
216  1906
216  1907
216  1908
216  1909
216  1910
216  1911
216  1927
216  1928
216  1945
216  1946
216  1947
216  1948
216  1950
216  1968
216  1974
216  1983
216  1984
216  1985
216  1986
216  1987
216  1990
216  1991
216  2037
216  2102
216  2339
216  2347
216  2350
216  2354
216  2364
216  2383
216  2447
216  2451
216  2468
216  2805
216  2806
216  2807
216  2808
216  2809
216  2810
216  2811
216  2812
216  2813
216  2814
216  2815
216  2816
216  2817
216  2818
216  2820
216  2821
216  2822
216  2823
216  2824
216  2858
216  2859
216  2862
216  3199
216  3249
216  3588
216  4001
216  4006
216  4013
216  4014
216  4025
216  4026
216  4027
216  4033
216  4360
216  4443
216  4676
216  4717
216  4765
216  4766
216  4783
216  4873
216  4879
216  4892
216  4893
216  4895
216  5364
216  5369
216  5370
216  5371
216  5372
216  5537
216  5539
217  218
217  2492
217  4038
217  4039
217  4871
217  5097
217  5260
218  1346
218  1844
218  1853
218  1854
218  2260
218  2492
218  4035
218  4038
218  4039
218  4047
218  4170
218  4350
218  4351
218  5097
218  5260
218  5556
219  220
219  904
219  1657
219  1660
219  1877
219  2208
219  5483
219  5484
220  904
220  1660
220  1661
220  2381
220  2957
220  4255
220  4342
220  4601
220  4851
220  4852
220  4853
220  4854
220  5099
220  5481
220  5595
220  5823
220  5860
220  5861
220  5862
220  5863
221  222
222  319
222  322
222  342
222  547
222  724
222  894
222  1767
222  1773
222  1822
222  1830
222  1831
222  1833
222  1835
222  2590
222  2591
222  2668
222  2697
222  3386
222  3768
222  3824
222  3853
222  3865
222  3878
222  3881
222  3918
222  3919
222  3922
222  3923
222  4101
222  4105
222  4116
222  4122
222  4673
222  4902
222  5014
222  5078
223  224
223  225
223  226
224  225
224  226
225  226
226  5146
227  228
227  229
227  401
227  549
227  2629
227  3273
227  4053
227  4054
227  5462
227  5463
227  5464
227  5465
227  5466
228  229
228  589
229  237
229  620
229  2798
229  5206
229  5207
229  5301
229  5302
229  5303
230  300
230  301
230  554
230  1495
230  1731
230  2692
230  3805
230  3811
230  4114
230  5170
230  5815
231  232
232  242
232  508
232  509
232  536
232  537
232  542
232  571
232  1775
232  1802
232  1818
232  1823
232  2528
232  2633
232  2776
232  2777
232  3744
232  3843
232  3844
232  3935
232  4069
232  4092
232  4107
232  4139
232  4967
232  5013
232  5310
233  234
233  497
233  974
233  1079
233  1198
233  1199
233  1402
233  1523
233  1777
233  2163
233  2247
233  2366
233  2534
233  2535
233  2537
233  2548
233  2552
233  2554
233  2560
233  2645
233  3400
233  3403
233  3409
233  3620
233  3669
233  3692
233  3796
233  3797
233  3798
233  3799
233  3800
233  4060
233  4112
233  4474
233  4483
233  4484
233  4485
233  5623
233  5664
233  5665
233  5666
233  5667
233  5668
233  5782
234  481
234  574
234  591
234  1133
234  1138
234  1199
234  2150
234  2163
234  2319
234  2323
234  2560
234  2604
234  3238
234  3278
234  3279
234  3403
234  3692
234  5770
234  5771
235  236
235  747
235  749
235  4473
236  333
236  335
236  1742
236  4616
236  4619
236  5139
237  238
237  362
237  363
237  426
238  3335
238  3545
239  240
239  241
239  1191
239  1192
239  1193
240  241
240  293
240  346
240  390
240  391
240  587
240  676
240  1188
240  3526
240  3527
240  3604
240  3605
240  3830
240  4888
240  4889
240  5194
240  5475
240  5529
241  264
241  271
241  283
241  531
241  533
241  588
241  669
241  1618
241  2386
241  2691
241  3479
241  4634
241  4933
241  5236
242  243
242  2564
243  566
243  572
243  724
244  245
244  246
244  247
244  256
244  294
244  340
244  393
244  484
244  535
244  596
244  1402
244  1735
244  2091
244  2503
244  2532
244  2544
244  2594
244  2613
244  3121
244  3321
244  3322
244  3671
244  3728
244  3864
244  4060
244  4131
244  4490
244  4946
244  5702
244  5703
245  246
245  247
245  253
245  256
245  294
245  302
245  458
245  481
245  484
245  486
245  487
245  530
245  535
245  538
245  539
245  1402
245  1404
245  1464
245  1735
245  1779
245  2532
245  2540
245  2553
245  2594
245  3121
245  3177
245  3227
245  3282
245  3327
245  3347
245  3362
245  3427
245  3431
245  3472
245  3603
245  3671
245  3728
245  3743
245  3888
245  3889
245  3912
245  3915
245  4131
245  4652
245  5520
245  5523
245  5585
245  5610
245  5618
245  5620
245  5624
245  5684
245  5693
245  5728
245  5744
245  5787
246  247
246  329
246  484
246  1776
246  1796
246  2594
246  2613
246  2636
246  2681
246  3329
246  3408
246  4131
247  484
247  503
247  1819
247  2603
247  3728
247  4487
247  5703
248  249
248  250
248  750
248  807
248  871
248  920
248  930
248  936
248  952
248  955
248  990
248  1012
248  1019
248  1026
248  1034
248  1047
248  1060
248  1211
248  1235
248  1329
248  1405
248  1581
248  1598
248  1608
248  1637
248  1679
248  1699
248  2365
248  2427
248  2460
248  2894
248  3169
248  3190
248  3191
248  3315
248  3402
248  3443
248  3451
248  3486
248  3815
248  4229
248  4305
248  4486
248  4805
248  5006
248  5062
248  5140
248  5854
248  5855
249  250
249  355
249  1310
249  1963
249  1964
249  1965
249  1966
249  1969
249  1993
249  2010
249  2011
249  2020
249  2329
249  2408
249  3191
249  3641
249  4200
249  5068
249  5969
250  355
250  968
250  972
250  976
250  994
250  1021
250  1029
250  1032
250  1177
250  1465
250  1702
250  2408
250  2425
250  2436
250  2666
250  3113
250  3185
250  3191
250  3197
250  3198
250  3209
250  3316
250  3462
250  3482
250  4232
250  4235
250  4249
250  4251
250  4254
250  4259
250  4260
250  4291
250  4302
250  4307
250  4311
250  5005
250  5061
251  813
251  1682
251  1872
251  2365
251  2702
251  3206
251  3207
251  3326
251  3381
251  4234
251  5072
251  5401
252  253
252  2524
252  3553
252  4096
252  5202
253  294
253  336
253  476
253  639
253  1149
253  1455
253  1768
253  1882
253  2128
253  2524
253  2840
253  3121
253  3553
253  3817
253  3850
253  3901
253  3903
253  3946
253  3958
253  4041
253  4096
253  4099
253  4123
253  5036
253  5585
253  5617
253  5671
253  5677
253  5684
253  5685
253  5687
253  5690
253  5694
253  5727
253  5741
254  255
254  1132
254  2651
254  2669
254  5740
254  5972
255  3401
255  4481
255  4482
255  5730
256  294
256  327
256  484
256  487
256  644
256  1884
256  1886
256  1887
256  1888
256  1889
256  1890
256  1891
256  1892
256  1893
256  1894
256  2532
256  3227
256  3300
256  3364
256  3407
256  3446
256  3447
256  5616
256  5620
257  519
258  259
258  1583
258  1584
258  1585
258  1586
258  1652
258  2030
258  3137
258  3188
258  3194
258  3195
258  4242
258  4314
258  5056
258  5057
260  261
260  262
260  263
260  264
260  453
260  514
260  939
260  1100
260  1105
260  1687
260  2279
260  2280
260  2302
260  3119
260  3122
260  3123
260  3208
260  3210
260  3453
260  3460
260  4395
260  4396
260  4397
260  4401
260  4402
260  4494
260  4950
260  4969
261  262
261  263
261  264
262  263
262  264
262  299
262  855
262  1203
262  1385
262  1443
262  1453
262  1485
262  1520
262  1528
262  1554
262  1603
262  1995
262  2012
262  2013
262  2014
262  2015
262  2016
262  2085
262  2751
262  2752
262  2753
262  3813
262  3986
262  4273
262  4296
262  4495
262  5626
263  264
264  271
264  283
264  446
264  473
264  516
264  604
264  1516
264  1689
264  1697
264  1786
264  2280
264  2286
264  2547
264  3350
264  4949
264  5225
265  266
266  334
266  335
266  370
266  556
266  557
266  609
266  654
266  2240
266  4828
266  5147
266  5153
266  5154
267  268
267  1817
267  3849
267  4071
267  4072
268  289
268  295
268  296
268  330
268  331
268  332
268  458
268  893
268  1009
268  1142
268  1647
268  1798
268  1804
268  1807
268  2502
268  2523
268  2649
268  2658
268  3061
268  3234
268  3383
268  3411
268  3827
268  3856
268  3883
268  3886
268  3887
268  3909
268  3947
268  4072
268  4124
268  4339
268  4441
268  4442
268  4555
268  4556
268  4584
268  4597
268  4599
268  4602
268  5115
268  5118
268  5119
268  5120
268  5579
268  5580
268  5599
268  5622
268  5747
268  5761
268  5991
269  270
269  271
270  271
270  283
270  4642
271  283
271  1651
271  1689
271  1700
271  3350
271  4881
271  4882
271  4949
271  5214
271  5292
271  5638
271  5639
271  5641
272  273
272  1687
272  3122
272  4397
272  4401
272  4402
272  4406
272  4407
272  4951
273  318
273  363
273  721
273  1223
273  2289
273  5071
274  275
274  276
274  277
274  284
274  590
274  793
274  842
274  931
274  948
274  1028
274  1045
274  1057
274  1571
274  1654
274  2391
274  2432
274  2608
274  2888
274  3165
274  3351
274  3398
274  3399
274  3425
274  3454
274  3478
274  4160
274  4193
274  4270
274  4514
274  4898
274  5067
274  5630
275  276
275  277
276  277
276  279
276  779
276  913
276  914
276  915
276  916
276  917
276  934
276  947
276  997
276  999
276  1018
276  1022
276  1066
276  1266
276  1273
276  1350
276  1378
276  1509
276  1587
276  1628
276  1634
276  1694
276  2030
276  2043
276  2047
276  2051
276  2105
276  2142
276  2499
276  2500
276  2730
276  3134
276  3135
276  3136
276  3760
276  3994
276  4005
276  4017
276  4023
276  4031
276  4637
276  4638
276  4848
276  4906
276  5001
277  279
277  420
277  632
277  638
277  713
277  1089
277  1321
277  1682
277  2373
277  2403
277  2465
277  3134
277  3135
277  3136
277  3193
277  3214
277  3219
277  3245
277  4028
277  4029
277  4030
277  4425
278  279
278  385
278  751
278  810
278  1011
278  1208
278  1209
278  1217
278  1224
278  1240
278  1241
278  1254
278  1259
278  1260
278  1270
278  1271
278  1301
278  1308
278  1309
278  1330
278  1343
278  1354
278  1592
278  1643
278  1726
278  2520
278  3187
278  4429
278  4823
278  4908
278  4920
278  4921
279  741
279  751
279  841
279  1208
279  1209
279  1222
279  1224
279  1225
279  1235
279  1241
279  1244
279  1245
279  1259
279  1286
279  1330
279  1347
279  1592
279  1725
279  1726
279  1857
279  2104
279  2383
279  2477
279  2815
279  3134
279  3135
279  3136
279  3141
279  3142
279  3143
279  3144
279  3145
279  3146
279  3147
279  3148
279  3149
279  3150
279  3151
279  3152
279  3153
279  3154
279  3155
279  3156
279  3157
279  3158
279  4156
279  4451
279  4452
279  4823
280  281
280  3870
281  594
281  650
281  1480
281  2409
281  2491
281  3239
281  3240
281  3274
281  3333
281  3359
281  3360
281  3361
281  3366
281  3436
281  3437
281  3440
281  3445
281  3480
281  3523
281  3544
281  3990
281  4522
281  5130
281  5643
281  5675
281  5762
281  5766
281  5767
281  5783
282  498
282  959
282  960
282  961
282  981
282  982
282  1274
282  1383
282  1406
282  1425
282  1440
282  1457
282  1532
282  1559
282  2089
282  2143
282  2287
282  2307
282  3898
282  4999
282  5000
282  5002
282  5003
282  5004
282  5295
282  5856
283  698
283  2218
283  2219
283  2228
283  4642
283  5189
283  5233
284  285
284  286
284  434
284  590
284  606
284  4157
284  4488
285  286
285  802
285  993
285  1205
285  1250
285  1316
285  1650
285  3531
285  4157
285  4488
285  4499
285  4501
285  4829
285  5568
286  1650
286  4320
287  476
287  492
287  493
287  495
287  520
287  2527
287  2610
287  2631
287  3439
287  3655
287  3656
287  3657
287  3660
287  3667
287  3892
287  5041
288  289
288  1836
288  2611
289  295
289  296
289  330
289  458
289  535
289  893
289  1749
289  1804
289  2119
289  2536
289  3439
289  3768
289  3848
289  3851
289  3856
289  3886
289  3890
289  3891
289  3909
289  3950
289  3951
289  4056
289  4124
289  4217
289  4571
289  4600
289  5674
290  291
290  1792
290  5137
291  4709
291  5813
292  293
293  346
293  524
293  566
293  569
293  634
293  1451
293  3738
293  3941
293  4088
293  5043
293  5691
294  644
294  1527
294  1735
294  2594
294  3172
294  3175
294  3176
294  3227
294  3229
294  3277
294  3334
294  3410
294  3481
294  4506
294  4667
294  4946
294  5676
294  5677
295  296
295  422
295  534
295  535
295  2536
295  3439
295  3769
295  3848
295  3856
295  3947
295  3953
295  4073
295  4214
295  5022
295  5686
296  2536
297  298
297  299
297  582
297  1043
297  1553
297  1554
297  1925
297  2035
297  2038
297  2414
297  2425
297  2470
297  2703
297  2704
297  2705
297  3192
297  3198
297  3216
297  4265
297  4266
297  4272
297  5051
298  299
298  984
298  1043
298  2414
298  4187
298  4250
298  4272
298  4273
298  4274
298  4492
298  4932
298  5165
299  922
299  1090
299  1177
299  1288
299  1320
299  1357
299  1553
299  1554
299  1653
299  1683
299  1696
299  2414
299  2895
299  4187
299  4272
299  4273
299  4930
299  4932
299  5626
300  301
300  305
301  4178
301  4182
302  303
302  304
302  415
302  476
302  538
302  1942
302  3427
302  3821
302  3848
302  3871
302  3872
302  4652
302  5712
302  5750
303  304
303  436
304  3772
305  1238
305  1398
305  2285
305  3173
305  3174
305  3179
305  4496
305  5021
305  5158
305  5159
305  5160
306  1030
306  2510
306  2511
307  308
307  3233
307  4357
307  4572
307  4644
307  5657
307  5898
307  5899
307  5902
308  625
308  626
308  1604
308  1902
308  1918
308  1919
308  1920
308  1921
308  1922
308  1923
308  1924
308  1952
308  1953
308  1954
308  1955
308  1956
308  1957
308  1981
308  2033
308  2034
308  2413
308  3233
308  3432
308  3433
308  3434
308  3594
308  3607
308  3728
308  4080
308  4420
308  4572
308  4573
308  4819
308  4977
308  5286
308  5287
308  5430
308  5431
308  5653
308  5658
308  5672
308  5812
308  5879
308  5889
308  5896
308  5897
308  5990
309  310
309  995
309  1130
309  1281
309  1415
309  1431
309  1454
309  1476
309  1477
309  1522
309  1559
309  2151
309  2152
309  2291
309  2292
309  2293
309  2311
309  2420
309  2657
309  3116
309  4205
309  4527
309  4554
309  4559
309  4836
309  5079
309  5768
309  5792
309  5793
311  319
311  481
311  585
311  719
311  1370
311  1488
311  1512
311  2840
311  3279
311  3403
311  3427
311  3461
311  3637
311  3819
311  3823
311  4802
311  5709
311  5710
311  5732
312  313
312  3367
312  3368
312  3369
312  4284
312  4306
312  4308
312  4309
312  5867
313  420
313  605
313  1262
313  1469
313  1609
313  1684
313  1685
313  1686
313  1690
313  1703
313  1988
313  2333
313  2887
313  2888
313  2889
313  3489
313  4198
313  4213
313  4262
313  4263
313  4264
313  4288
313  4304
313  4497
313  4508
313  4509
313  5058
313  5513
314  1141
314  1249
314  1251
314  1387
314  1436
314  1489
314  2306
314  2615
314  2683
314  3114
314  3120
314  3130
314  3269
314  3469
314  4489
314  4611
314  5080
314  5518
314  5636
314  5678
315  316
315  1746
315  2664
315  3388
315  4052
315  5590
315  5679
315  5713
315  5756
315  5757
316  1136
316  2594
316  2664
316  2945
316  3228
316  3230
316  3243
316  3250
316  3276
316  3310
316  3311
316  3325
316  3387
316  3388
316  3419
316  4569
316  5113
316  5114
316  5123
316  5669
316  5679
316  5695
317  318
317  662
317  2245
318  535
318  662
318  1223
318  1401
318  1439
318  1462
318  1479
318  2192
318  2236
318  2237
318  2687
318  2693
318  3520
318  3521
318  3832
318  3848
318  5182
318  5183
319  320
319  324
319  325
319  342
319  553
319  603
319  722
319  846
319  1140
319  1915
319  2084
319  2476
319  2653
319  2654
319  2655
319  2696
319  2697
319  2698
319  3164
319  3591
319  3592
319  3822
319  3845
319  3846
319  3847
319  4210
319  5737
319  5738
320  603
320  2476
320  3176
320  3235
320  3236
320  3237
320  3380
320  3780
320  3845
320  3846
320  3847
320  4064
321  322
321  323
321  1736
321  3132
321  3133
321  5976
321  5977
321  5978
321  5993
322  323
322  573
322  623
322  707
322  1135
322  1832
322  1837
322  2668
322  3386
322  3783
322  3853
322  3878
322  3918
322  3919
322  4673
322  5587
322  5588
322  5592
323  1736
323  2514
323  3133
323  4814
323  4832
323  4833
324  325
324  553
324  620
324  636
324  695
324  717
324  2698
324  4671
324  4674
325  467
325  468
325  553
325  636
325  3840
325  3841
325  3940
325  4668
325  4671
325  4674
326  327
326  328
326  329
326  2553
326  3632
326  4076
326  4580
326  4824
327  328
327  329
327  2611
327  3415
327  3511
327  3706
327  3707
327  3780
327  3905
327  3933
328  329
328  486
329  476
329  486
329  520
329  538
329  596
329  598
329  2163
329  3660
329  3667
329  5753
330  422
330  534
330  893
330  1804
330  3856
330  4061
331  332
331  1142
331  1798
331  2502
331  3234
331  3965
331  4555
332  2502
332  5765
333  334
333  335
333  661
333  5131
334  335
334  661
334  3495
334  5026
334  5163
335  661
335  5131
337  338
338  360
338  393
338  576
338  3927
339  343
339  344
339  766
339  1678
339  1684
339  2380
339  2391
339  2437
339  2438
339  3211
339  3217
339  3507
339  4236
339  4237
339  4252
339  4271
339  4275
339  4315
339  4318
340  341
340  342
340  345
340  346
340  527
340  899
340  958
340  1145
340  2494
340  3289
340  3309
340  3362
340  3533
340  4490
340  4658
340  4808
340  4860
340  5047
340  5121
340  5524
340  5528
340  5589
340  5605
340  5621
340  5659
340  5673
340  5681
340  5682
340  5683
340  5705
341  342
341  390
341  505
341  877
341  1517
341  1793
341  1840
341  2009
341  2287
341  2580
341  3729
341  3882
341  3977
341  4148
341  4648
341  5023
341  5589
341  5605
342  547
342  724
342  1080
342  1137
342  1767
342  1770
342  1771
342  1781
342  1783
342  1822
342  1829
342  2566
342  2590
342  2617
342  2697
342  3865
342  3902
342  4132
342  4133
342  4143
342  5028
342  5078
343  344
343  918
343  919
343  2437
343  2438
343  2888
343  3217
343  3507
343  4234
343  4236
343  4237
343  4252
344  3217
344  4236
344  4237
344  4252
344  4312
345  346
345  1517
346  390
346  524
346  566
346  627
346  636
346  1451
346  1454
346  1495
346  1503
346  1526
346  1675
346  2040
346  2282
346  2541
346  2574
346  2621
346  2849
346  3226
346  3526
346  3727
346  3733
346  3734
346  3830
346  3879
346  3880
346  3894
346  3899
346  3913
346  3925
346  4055
346  4088
346  4203
346  4817
346  4818
346  5027
346  5043
346  5299
346  5315
346  5525
346  5720
347  926
347  927
347  949
347  950
347  975
347  1009
347  1031
347  1069
347  1081
347  1394
347  1395
347  1396
347  1443
347  1466
347  1533
347  1605
347  1769
347  1996
347  3516
347  3522
347  3752
347  4059
347  4144
347  4190
347  4199
347  4427
348  349
348  3222
348  3282
348  3297
348  3298
348  3421
348  3466
348  3498
348  3512
348  3518
348  4582
348  5625
348  5900
348  5986
349  3282
349  5900
349  5987
350  351
350  352
350  354
351  352
351  1704
351  2394
351  3993
351  4241
351  4288
351  4612
351  4613
351  4935
351  5361
352  3993
352  5229
353  386
353  980
353  1204
353  1264
353  1410
353  1903
353  2521
353  2562
353  2563
353  3044
353  3639
353  4430
353  4431
353  4607
353  5278
353  5374
353  5632
353  5646
354  410
354  413
354  414
354  420
354  575
354  581
354  632
354  713
354  988
354  1069
354  1676
354  1677
354  2373
354  4515
355  356
355  357
355  358
355  359
355  834
355  871
355  942
355  2039
355  2408
355  3191
355  3192
355  3490
355  4228
355  4229
355  4232
355  4233
355  4235
355  4240
355  4268
355  4269
355  4276
355  4281
355  4282
355  4283
355  4285
355  4286
355  4287
355  4293
355  4361
355  4439
355  5283
355  5642
356  357
356  358
356  359
357  358
357  359
357  762
357  768
357  827
357  834
357  838
357  839
357  936
357  943
357  1034
357  1276
357  1335
357  1336
357  1337
357  1339
357  1342
357  1359
357  1645
357  2365
357  3189
357  3487
357  3541
357  3816
357  4614
357  4738
357  5282
357  5283
357  5979
358  359
358  768
358  803
358  820
358  828
358  834
358  1359
358  5979
359  740
359  762
359  784
359  799
359  824
359  825
359  827
359  832
359  834
359  1242
359  1269
359  1276
359  1297
359  1342
359  1616
359  1617
359  1761
359  2450
359  2638
359  2661
359  3128
359  3487
359  3816
359  4261
359  4322
359  4436
359  4614
359  4713
359  4887
360  361
360  651
360  3308
360  3426
360  3740
360  3759
360  5102
361  1014
362  363
362  364
362  426
362  457
362  721
362  986
362  3293
362  3335
362  3393
362  3529
363  364
363  426
363  457
363  463
363  721
363  986
363  1540
363  1971
363  2289
363  2601
363  2618
363  2620
363  2643
363  3218
363  3287
363  3335
363  3393
363  3505
363  3514
363  4070
363  4145
363  4278
363  5187
363  5230
364  426
364  457
364  721
364  986
364  1880
364  3293
364  3335
364  3350
364  3393
364  4623
364  5148
364  5647
365  376
365  1572
365  1573
365  1574
365  3337
366  525
366  3294
366  5729
367  368
367  1428
367  3665
367  3974
368  1437
368  1515
368  2130
368  3220
368  3221
368  3983
368  4238
369  370
369  371
369  372
369  419
369  5145
370  371
370  372
370  419
370  977
370  2240
370  3985
370  5145
370  5147
370  5184
370  5185
371  372
372  5145
373  398
374  535
374  2629
374  5222
375  2393
375  2441
375  2652
375  2851
375  2852
375  4369
375  4376
375  4387
375  4643
375  5451
375  5453
375  5536
376  377
376  1513
376  2006
376  2007
376  2008
376  2346
376  3595
376  4187
376  4413
376  4414
376  4415
376  4885
376  4886
376  5164
376  5882
377  953
377  967
377  983
377  1288
377  1385
377  1419
377  1430
377  1459
377  2005
377  2722
377  5501
377  5502
377  5503
378  379
378  1000
378  3118
378  3299
378  3590
379  1471
379  1472
379  3253
379  3254
379  3255
379  3256
379  3257
379  3258
379  3259
379  3260
379  3261
379  3262
379  3263
379  3264
379  3265
379  3266
379  3267
379  3268
379  3269
379  3270
379  3271
379  3272
380  381
380  712
380  1001
380  1249
380  1648
380  1748
380  1864
380  2168
380  2183
380  2184
380  2185
380  2186
380  2187
380  2188
380  2217
380  2242
380  2547
380  2671
380  3779
380  5009
380  5010
380  5012
380  5171
380  5180
380  5428
380  5429
381  1157
381  1175
381  1249
381  1447
381  1448
381  1648
381  2188
382  383
382  1861
382  3455
382  3456
383  2590
383  3111
383  3513
383  3746
383  3762
383  4280
383  4538
383  4539
383  4540
383  4822
383  5269
384  510
384  641
384  642
384  3980
384  4118
384  4739
384  5191
384  5192
385  386
385  387
385  388
385  389
385  1169
385  1255
385  1348
386  387
386  388
386  389
386  1169
386  1204
386  1348
386  5278
387  388
387  389
387  3814
388  389
388  3814
389  2026
390  391
390  406
390  505
390  714
390  1055
390  1256
390  1412
390  1495
390  1517
390  1526
390  1543
390  1675
390  2040
390  2281
390  2282
390  2287
390  2288
390  2570
390  2574
390  4191
390  4513
390  5081
390  5181
390  5307
391  587
391  676
392  393
392  399
392  400
392  720
392  3655
392  4104
393  618
393  2594
393  3321
393  3322
393  5692
393  5779
394  395
394  396
394  397
394  398
395  396
395  397
395  398
395  4181
395  5204
396  397
396  398
397  398
397  5132
399  400
399  1962
399  3945
399  4094
399  4095
399  4097
399  4104
400  2331
400  2332
400  2524
400  2536
400  2588
400  2613
400  3178
400  3632
400  4098
400  4487
400  4498
400  5526
400  5707
400  5708
401  402
401  403
401  404
401  996
401  3273
401  4053
401  4923
401  5166
401  5169
402  403
402  404
402  610
402  611
402  612
402  613
403  404
404  567
404  568
404  610
404  611
404  612
404  613
404  614
404  615
405  473
405  514
405  516
405  2303
405  2304
407  408
407  409
407  1046
407  1113
407  1243
407  1407
407  1441
407  1460
407  1462
407  1463
407  1531
407  1753
407  1765
407  1976
407  2226
407  3582
407  3975
407  4712
407  5432
408  409
410  413
410  414
410  575
410  581
410  998
410  5161
411  412
411  484
411  1858
411  3406
411  3500
411  3863
411  3968
411  5127
411  5733
412  476
412  868
412  987
412  1059
412  1137
412  1735
412  1781
412  2057
412  2246
412  2611
412  2646
412  2648
412  2656
412  3303
412  3304
412  3305
412  3313
412  3405
412  3406
412  3415
412  3448
412  3470
412  3500
412  3632
412  3677
412  3801
412  3863
412  4110
412  4129
412  4622
412  4979
412  5734
413  414
413  519
413  1006
413  4504
415  416
415  417
415  418
415  538
415  5750
416  417
416  418
417  418
419  505
419  619
419  620
419  701
419  3985
419  4907
419  5174
419  5184
419  5185
420  421
420  575
420  581
420  632
420  713
420  1010
420  1017
420  3215
420  3281
420  4435
420  4934
420  5512
421  581
421  837
421  988
421  1005
421  1064
421  1677
421  2517
421  3483
421  4277
421  5576
422  535
422  3848
422  4598
422  5022
423  1334
423  1377
423  4475
423  4913
423  5141
423  5161
424  425
425  1278
425  1992
425  3068
425  3556
425  3557
425  5163
425  5226
425  5530
425  5531
426  427
426  428
426  721
426  867
426  985
426  1382
426  3335
426  3393
426  3394
426  3395
426  3505
426  3529
427  428
427  592
429  555
429  1799
429  1800
429  1838
429  2529
429  4087
429  5786
430  5136
430  5137
430  5138
431  432
431  601
431  602
431  3373
431  3430
431  3458
432  5203
433  434
433  435
433  1316
433  3354
433  4924
434  435
434  606
434  1289
434  1316
434  1391
434  1392
434  2716
434  4154
434  4155
435  605
435  790
435  1002
435  1294
435  1484
435  1491
435  1701
435  1876
435  3205
435  3493
435  3818
435  4303
435  4440
435  5521
437  438
437  439
437  440
437  561
437  2547
438  439
438  440
438  502
438  1495
438  1530
438  1546
438  2310
438  2547
439  440
440  502
440  1074
440  1076
440  1092
440  1402
440  1607
440  1811
440  2259
440  2522
440  2526
440  2547
440  2579
440  3691
440  5178
440  5179
440  5997
441  442
441  443
441  508
441  986
441  1015
441  1016
441  1542
441  2776
441  3115
441  4146
441  5208
442  443
442  2788
443  508
443  986
443  1015
443  1016
443  1076
443  1542
443  2769
443  2770
443  2788
443  3787
443  3788
443  4146
443  4957
443  5144
444  545
444  575
444  1176
444  1320
444  1571
444  1609
444  1610
444  4329
444  4615
445  446
445  447
445  448
445  449
445  450
445  451
445  452
445  2130
445  2771
445  4179
445  4183
445  4184
445  4185
445  4186
445  4209
445  4212
446  447
446  448
446  449
446  450
446  451
446  452
446  672
446  2547
446  5237
447  448
447  449
447  450
447  451
447  452
448  449
448  450
448  451
448  452
449  450
449  451
449  452
450  451
450  452
451  452
453  454
453  455
453  619
453  655
453  657
453  928
453  929
453  1063
453  1455
453  1495
453  1615
453  1680
453  1681
453  1697
453  1705
453  1786
453  2276
453  2295
453  2309
453  2784
453  4434
454  523
454  2577
455  1036
455  1037
455  1038
455  1039
455  1063
455  1093
455  1197
455  1386
455  1412
455  1624
455  1681
455  2276
455  2277
455  2278
455  2290
455  2291
455  2294
455  2295
455  2305
455  3117
455  3171
455  4202
456  457
457  3292
457  3680
457  5311
458  484
458  964
458  1024
458  1088
458  1779
458  1806
458  2556
458  2613
458  2627
458  2628
458  2630
458  2639
458  2650
458  3121
458  3472
458  3548
458  3637
458  3708
458  3709
458  3757
458  3780
458  3836
458  3837
458  3851
458  3868
458  3886
458  3887
458  3888
458  3889
458  3964
458  3969
458  3987
458  4109
458  5040
458  5746
458  5758
458  5784
459  460
459  761
459  762
459  763
459  1712
459  1713
459  1714
459  2485
459  2486
459  2487
459  2488
459  2489
459  2490
459  4292
461  462
461  463
461  3246
461  3247
461  3248
461  3314
461  3319
461  3514
461  5300
461  5633
461  5852
462  463
463  877
463  921
463  986
463  1926
463  3246
463  3247
463  3248
463  3314
463  3319
463  3352
463  3514
463  4130
463  4295
463  4806
463  4897
463  4925
463  5216
463  5294
463  5296
463  5300
463  5304
463  5305
463  5306
463  5633
463  5852
464  465
464  2299
464  4204
464  5714
464  5721
465  520
465  572
465  579
465  3338
465  3546
465  3872
465  5281
465  5670
465  5772
466  1692
466  2041
466  2391
466  2394
466  3231
466  3232
466  3417
466  3508
466  4243
466  4244
466  4245
466  4289
467  468
468  4411
468  4412
469  470
469  471
469  472
469  1731
469  1940
470  471
470  472
471  472
471  5650
471  5651
473  474
473  475
473  514
473  515
473  516
473  531
473  533
473  701
473  2289
473  2303
473  2304
473  4399
473  4905
473  4914
473  4943
473  4944
473  4945
473  5634
474  475
474  531
474  533
474  2289
474  3335
474  4399
474  4827
474  4943
474  4960
474  4961
474  5628
475  514
475  515
475  4827
475  4914
475  5628
475  5660
475  5661
475  5662
476  477
476  520
476  538
476  566
476  572
476  574
476  868
476  1003
476  1656
476  1812
476  1841
476  2246
476  2523
476  2611
476  2631
476  3178
476  3283
476  3284
476  3294
476  3295
476  3313
476  3383
476  3491
476  3519
476  3602
476  3632
476  3642
476  3667
476  3671
476  3765
476  3782
476  3849
476  3871
476  3872
476  3892
476  3893
476  3908
476  3926
476  3954
476  3957
476  3962
476  3963
476  4076
476  4100
476  4125
476  4502
476  4512
476  4564
476  4622
476  5041
476  5309
476  5648
476  5698
476  5711
476  5719
476  5722
476  5723
476  5724
476  5725
476  5726
476  5754
476  5778
476  5790
477  3871
478  479
478  3948
478  4624
478  4912
478  5156
478  5201
478  5569
479  957
479  1196
479  1429
479  1466
479  1497
479  1498
479  1774
479  1803
479  2036
479  2095
479  3003
479  3004
479  3539
479  3634
479  3730
479  4536
479  4649
479  4916
479  5201
480  3280
480  4083
480  5230
481  482
481  2370
481  2553
481  2623
481  2763
481  3403
481  3461
481  3823
481  3901
481  3939
481  4176
481  5025
481  5029
481  5122
482  1369
482  2530
482  2561
482  2571
482  3040
482  3403
482  3852
482  5742
482  5763
483  502
483  514
483  549
483  587
483  652
483  663
483  1010
483  1385
483  2233
483  2398
483  2789
483  4922
483  4928
483  5195
483  5196
483  5197
483  5198
484  485
484  486
484  487
484  535
484  1779
484  2594
484  3472
484  3728
484  3733
484  3739
484  3888
484  3889
484  4177
484  5715
485  486
486  3667
487  2246
487  2614
487  3739
487  3747
488  489
488  1729
488  3741
488  3742
488  3932
488  5037
489  535
489  594
489  1272
489  3167
489  3499
489  3848
489  4578
489  5126
489  5718
490  491
490  492
490  493
490  494
490  495
490  496
490  497
490  2674
490  2675
491  492
491  493
491  494
491  495
491  496
491  497
491  888
491  1625
491  2190
491  5116
491  5365
491  5366
491  5367
491  5699
491  5780
491  5873
491  5877
491  5992
492  493
492  494
492  495
492  496
492  497
492  2527
493  494
493  495
493  496
493  497
493  2527
494  495
494  496
494  497
494  1728
494  1856
494  1859
494  1958
494  1961
494  1978
494  1979
494  1980
494  2032
494  3203
494  3535
494  3536
494  3537
494  3538
494  5368
494  5375
494  5376
494  5377
494  5378
494  5379
494  5380
494  5381
494  5382
495  496
495  497
495  560
495  2028
495  2527
495  3671
495  3780
495  3877
495  3937
495  3938
495  3942
495  5706
496  497
496  893
496  894
496  1360
496  1361
496  1760
496  2032
496  2205
496  2665
496  2674
496  2675
496  3914
496  5981
497  1298
497  1939
497  1997
497  3781
497  5383
497  5405
497  5406
497  5472
497  5473
497  5474
497  5554
497  5649
497  5905
497  5906
497  5907
497  5908
497  5909
497  5983
497  5984
497  5985
498  1750
498  1751
498  5801
498  5802
498  5803
498  5804
498  5805
498  5806
498  5807
498  5808
498  5809
498  5810
498  5811
499  500
499  501
499  1669
499  4188
499  4327
499  4363
499  4364
499  4365
500  501
500  927
500  1669
500  1970
500  3593
500  4188
500  4194
500  4195
500  4196
500  4197
500  4327
500  4343
500  4362
500  4426
500  4427
501  1669
501  3593
501  4188
501  4201
501  4327
501  4343
501  4362
501  4363
501  4364
501  4365
501  4426
501  5573
501  5574
502  514
502  663
502  5997
503  504
503  538
503  5696
503  5697
504  3318
504  3825
504  3826
504  3827
504  5297
504  5298
505  523
505  643
505  970
505  1265
505  1374
505  1383
505  1492
505  1591
505  2287
505  2288
505  3977
505  5175
505  5176
505  5177
505  5186
506  3374
507  764
507  775
507  784
507  819
507  831
508  509
508  885
508  1016
508  1371
508  1455
508  1518
508  1547
508  1824
508  1825
508  1826
508  2607
508  2624
508  2625
508  3787
508  3788
508  4141
508  4221
510  5152
511  512
511  513
511  4172
512  513
512  2002
512  2410
512  2462
512  2498
512  3929
512  4110
512  4126
512  4172
512  4747
512  4748
512  5105
512  5591
512  5716
512  5717
512  5718
513  1126
513  2118
513  2648
513  2713
513  2759
513  2760
513  2761
513  3496
513  3601
513  4126
513  4172
513  4174
513  4493
513  4594
513  4849
513  4859
513  4900
513  5604
513  5606
513  5607
513  5608
513  5718
514  515
514  516
514  663
514  851
514  1687
514  2303
514  2304
514  3122
514  3301
514  3453
514  4405
514  4409
514  4410
514  4914
514  4958
515  516
515  2289
515  3301
515  3302
515  4405
515  4914
516  2303
516  2304
516  3301
516  3418
516  5149
517  518
517  519
518  519
518  552
518  860
518  865
518  940
518  1011
518  1030
518  1635
518  2412
518  2478
518  3812
518  4423
518  4446
518  4447
518  4510
518  5261
519  850
519  865
519  923
519  925
519  950
519  1006
519  1007
519  1008
519  1010
519  1011
519  1061
519  1062
519  1085
519  1087
519  1384
519  2308
519  2421
519  2422
519  2637
519  2844
519  4113
519  4262
519  4504
519  4510
519  4618
519  4651
519  5261
520  535
520  538
520  572
520  1841
520  2163
520  2246
520  2523
520  2613
520  3178
520  3328
520  3338
520  3339
520  3344
520  3345
520  3370
520  3371
520  3372
520  3392
520  3480
520  3502
520  3503
520  3519
520  3602
520  3782
520  3872
520  3892
520  3908
520  3926
520  3963
520  4110
520  4811
520  5033
520  5034
520  5281
520  5309
520  5670
520  5689
520  5698
520  5719
520  5736
520  5743
520  5759
520  5776
520  5788
520  5789
521  522
521  3945
521  4110
521  4506
521  5728
522  1048
522  1380
522  1454
522  1455
522  1649
522  2082
522  2284
522  2300
522  2301
522  2657
522  3166
522  3386
522  3771
522  3830
522  3876
522  3920
522  3925
522  4057
522  4500
522  4561
522  4826
523  619
523  643
523  1265
523  2423
523  3218
523  4813
523  5211
524  1541
524  3913
524  4640
524  4641
525  526
525  640
525  3519
525  3657
528  529
528  2246
528  5042
530  3241
530  3667
531  532
531  533
531  4399
531  4400
531  4943
532  533
532  4278
532  4399
533  2289
533  4278
533  4399
533  4400
533  4404
533  4943
533  4944
534  535
534  566
534  572
534  579
534  1780
534  1781
534  2019
534  2246
534  3294
534  3405
534  3406
534  3488
534  3517
534  3599
534  3685
534  3907
534  4061
534  4595
534  4959
534  4968
534  5532
534  5629
534  5631
534  5680
535  566
535  1434
535  1549
535  1842
535  2048
535  2232
535  2536
535  2613
535  2619
535  2670
535  3166
535  3178
535  3294
535  3439
535  3524
535  3633
535  3699
535  3743
535  3832
535  3848
535  3856
535  3890
535  3924
535  3951
535  4066
535  4067
535  4111
535  4214
535  4220
535  4222
535  4742
535  4959
535  5654
535  5655
535  5674
535  5686
535  5719
535  5769
535  5785
536  537
538  539
538  1152
538  1475
538  1841
538  2163
538  2565
538  3602
538  4076
538  5748
538  5749
538  5750
538  5751
538  5752
538  5753
538  5788
538  5789
540  541
540  4118
540  5133
540  5134
540  5135
541  601
541  4371
542  1647
542  2847
542  3744
542  5404
543  544
544  555
544  672
544  673
544  3312
544  3374
544  3375
544  5755
545  575
545  978
545  1176
545  1177
545  1178
545  1302
545  1320
545  2428
545  2659
545  3385
545  4227
545  4230
545  4253
545  4323
545  4324
545  4326
545  4330
545  4646
546  547
547  1131
547  1137
547  1766
547  1767
547  1772
547  1773
547  1778
547  1781
547  1783
547  1784
547  1795
547  1813
547  1828
547  1830
547  1833
547  1834
547  1941
547  1989
547  2296
547  2297
547  2298
547  2363
547  2374
547  2375
547  2461
547  2542
547  2566
547  2590
547  2591
547  2640
547  2641
547  2768
547  3463
547  3674
547  3731
547  3732
547  3761
547  3782
547  3828
547  3829
547  3860
547  3869
547  3875
547  3884
547  3897
547  3906
547  3911
547  3916
547  3936
547  4081
547  4101
547  4108
547  4137
547  4138
547  4540
547  4996
547  5016
547  5082
547  5768
548  549
548  550
548  2584
548  2609
549  550
549  1010
549  1016
549  1371
549  2233
549  2600
549  2602
549  2629
549  2792
549  2795
549  2796
549  2797
549  4102
549  5195
549  5224
550  1371
550  2792
550  2795
550  2796
550  2797
551  3252
552  595
553  603
553  715
553  722
554  3753
554  3754
554  3811
554  3966
554  5533
554  5815
555  1194
555  1195
555  1800
555  1838
555  3374
555  3375
555  3821
555  4890
555  4891
555  5498
555  5499
555  5500
555  5874
555  5904
556  557
556  559
556  654
557  1101
557  4740
557  4741
557  5151
557  5223
558  1381
558  1486
558  1487
558  1514
558  1916
558  2555
558  3693
558  4579
558  4583
558  4592
558  4825
558  4830
561  562
561  563
561  564
561  565
561  5199
562  563
562  564
562  565
562  1424
562  2525
562  3555
562  4224
562  4225
562  5199
563  564
563  565
563  875
563  897
563  902
563  1815
563  2524
563  2531
563  2632
563  3854
563  3855
563  3885
563  3928
563  3930
564  565
564  1698
564  1739
564  1792
564  1797
564  2530
564  2531
564  2582
564  2597
564  2632
564  3687
564  3820
564  3823
564  3833
564  3834
564  3838
564  3839
564  3854
564  3855
564  3861
564  3862
564  3867
564  3961
564  4077
564  4115
564  4216
564  4219
565  885
565  933
565  1086
565  1137
565  1424
565  1698
565  1706
565  1785
565  1786
565  1810
565  1827
565  2120
565  2525
565  2585
565  2595
565  2616
565  2632
565  2647
565  3320
565  3555
565  3768
565  3930
565  3931
565  3944
565  3952
565  3956
565  3967
565  4074
565  4075
565  4082
565  4085
565  4090
565  4136
565  4149
565  4152
565  4215
565  4216
565  4218
565  4223
565  4444
565  5031
566  569
566  570
566  572
566  574
566  579
566  851
566  852
566  1048
566  2065
566  2093
566  2246
566  2779
566  3406
566  3660
566  3959
566  4952
566  4953
566  4963
566  5219
566  5635
567  568
567  5514
567  5515
567  5516
567  5517
567  5913
567  5914
569  3941
569  3959
570  3317
572  574
572  579
572  899
572  900
572  1545
572  2019
572  2246
572  3406
572  3685
572  3907
572  5774
572  5775
572  5791
573  2158
573  3727
573  3878
573  3895
573  3896
574  900
574  1104
574  1129
574  2174
574  2246
574  2340
574  2389
574  2392
574  2509
574  2663
574  2698
574  3474
574  3677
574  4078
574  4507
574  4604
574  4605
574  5083
574  5385
574  5645
574  5773
575  577
575  581
575  632
575  940
575  1035
575  2365
575  2428
575  3396
575  4230
575  4231
575  4267
575  4301
575  4503
575  4815
575  4834
575  5054
575  5055
575  5218
575  5644
576  1027
576  1461
576  4469
578  580
578  1076
578  1202
578  4147
578  4880
578  5168
578  5314
578  5637
579  665
579  3943
579  3955
581  993
581  1053
581  1467
581  1900
581  1901
581  2022
581  2023
581  5046
581  5048
581  5052
581  5053
582  583
582  584
582  739
582  767
582  782
582  783
582  796
582  797
582  798
582  804
582  806
582  816
582  820
582  822
582  829
582  830
582  835
582  840
582  968
582  1338
582  1904
582  1905
582  3192
582  4246
582  4321
583  584
583  739
583  767
583  783
583  797
583  817
583  836
583  968
583  1904
583  1905
583  2708
583  4248
583  4298
584  739
584  767
584  783
584  797
584  817
584  829
584  836
584  2153
584  2376
584  2708
584  4248
584  4298
584  4316
584  4317
584  4505
586  587
586  588
586  617
586  678
587  588
587  666
587  667
587  668
587  2233
587  2686
587  2786
587  3497
587  5150
587  5215
587  5232
588  616
588  617
588  678
588  2233
588  3497
588  5143
588  5167
590  818
590  854
590  856
590  940
590  1011
590  1056
590  1057
590  1279
590  1280
590  1469
590  1691
590  1695
590  2114
590  2357
590  2718
590  4193
590  4433
590  4488
590  4510
590  4915
590  5064
590  5227
590  5228
591  2119
591  2246
591  2561
591  2603
591  2604
591  2606
591  2613
591  2619
591  3291
591  3439
591  3688
591  3689
591  3768
591  3866
591  3904
591  3909
591  3917
591  4065
591  4511
591  5015
591  5030
591  5032
591  5038
591  5039
591  5735
591  5760
593  1073
593  1495
593  2567
593  2626
594  5373
594  5745
596  597
596  598
596  1830
596  2594
596  2695
596  3329
596  3330
596  3424
596  3864
596  4076
596  4831
597  598
597  3329
597  3330
597  3424
598  1830
598  3330
598  3424
598  4076
599  600
599  5478
599  5479
599  5480
599  5482
600  629
600  2400
600  4475
600  4926
600  4929
601  602
601  3242
601  3342
601  3343
601  3376
601  3378
601  3379
601  3412
601  3435
601  3534
601  4371
602  1707
602  3341
602  3357
602  3358
602  3413
602  3414
602  3467
602  3468
602  3476
603  719
603  2476
603  3164
603  3235
603  3236
603  3237
604  2214
604  2240
604  2241
604  3350
604  4691
604  5071
604  5146
604  5147
604  5982
605  606
605  814
605  1011
605  1083
605  1250
605  1262
605  1309
605  1316
605  1469
605  1609
605  1623
605  1644
605  1665
605  1867
605  2390
605  2887
605  3323
605  3324
605  3346
605  3449
605  3509
605  3530
605  3531
605  4158
605  4159
605  4440
605  4491
605  4804
605  4931
606  1010
606  1867
606  3449
606  3450
606  3531
606  4208
607  608
608  2634
608  3866
609  5764
609  5781
610  611
610  612
610  613
611  612
611  613
612  613
614  615
617  5143
618  3241
618  3353
618  3667
618  4702
619  620
619  1063
619  1495
619  1582
619  3390
619  3391
619  4813
619  5173
619  5174
619  5200
620  695
620  5174
620  5206
620  5207
621  622
621  1001
621  1655
621  1747
621  2003
621  2201
621  2202
621  2481
621  3682
621  5008
621  5817
623  624
623  2349
623  3293
623  3696
623  3786
623  3894
623  3899
623  3910
623  4664
623  4672
623  5084
623  5085
623  5086
623  5308
623  5313
623  5593
623  5609
625  626
625  1084
625  2754
625  3728
625  4173
625  4537
626  1295
626  1305
626  1365
626  3728
626  4416
626  4418
626  4419
626  4625
626  4630
626  4686
626  4687
626  4688
626  4858
626  4883
626  4884
626  5598
626  5885
626  5886
627  628
627  898
627  900
627  4663
628  715
628  894
628  1099
628  2387
628  2388
628  2416
628  2417
628  2677
628  2723
628  2724
628  3606
628  3949
628  3992
628  4663
628  5089
629  649
629  711
629  4926
630  631
630  633
630  681
630  1428
630  2543
630  2569
630  2581
630  2589
630  2593
630  2605
630  2635
630  2684
630  2689
630  2690
630  2785
630  3221
630  3416
630  3479
630  3492
630  3791
630  3970
630  3971
630  3973
630  3976
630  3978
630  3980
630  3981
630  3988
630  4118
630  4398
630  4408
630  4970
630  4980
630  5035
630  5139
630  5190
630  5193
630  5212
630  5213
630  5220
630  5231
630  5235
630  5238
630  5239
631  5204
632  713
632  3215
632  3281
632  4934
633  2581
633  3979
633  3984
633  4118
633  4153
633  4910
633  5235
633  5238
633  5239
633  5355
635  2496
635  2508
635  3728
635  4177
636  718
636  3789
636  3840
636  3841
636  3940
637  638
637  727
637  1041
637  1042
637  1239
637  1688
637  3182
637  3184
638  1042
638  1239
638  1261
638  1284
638  1287
638  1311
638  1321
638  1322
638  1323
638  1550
638  3112
638  3125
638  3126
638  3184
638  3186
638  3213
638  3214
638  3428
638  3585
638  4352
638  5063
638  5070
639  3921
641  642
641  1462
641  2787
641  2793
641  2794
641  3475
641  3982
641  5640
642  1108
642  2774
642  2775
642  2787
642  2791
642  2799
642  2800
642  3982
642  4710
642  4937
642  4947
642  4948
642  4956
642  4962
642  4964
642  4966
642  5264
642  5312
642  5833
642  5841
642  5910
642  5911
642  5912
643  991
643  2031
643  2283
643  2288
643  3200
643  3218
643  3251
643  3252
643  3365
643  3384
643  3452
643  3473
643  4936
643  5100
643  5142
643  5262
643  5263
644  3873
644  3934
644  5688
644  5728
645  966
645  1030
645  1496
645  1512
645  2356
645  2853
645  3597
645  4189
645  4381
645  5007
646  647
647  1122
647  1127
647  1206
647  1207
647  1210
647  2004
647  2145
647  2323
647  3201
647  3244
647  3341
647  3389
647  3429
647  3532
647  4816
647  5613
647  5656
647  5777
647  5799
647  5800
648  2280
649  703
649  704
649  705
649  706
649  1914
649  4558
649  4938
652  653
652  2398
652  5188
652  5209
652  5916
655  656
655  664
655  3223
655  3224
655  3225
655  4617
655  4620
655  4621
655  5241
656  1975
656  3224
656  3420
656  3441
657  3464
658  659
658  3549
658  3550
658  5210
659  1427
659  3162
659  3340
659  3504
659  5704
659  5739
659  5901
659  5903
659  5988
659  5989
660  661
661  5131
662  663
662  2245
662  3442
662  5162
663  1462
663  3301
666  667
667  675
667  1109
667  1114
667  1303
667  1408
667  2170
667  2172
667  2173
667  2175
667  2176
667  2189
667  2191
667  2192
667  2193
667  2194
667  2198
667  2200
667  2203
667  2204
667  2206
667  2207
667  2210
667  2211
667  2212
667  2213
667  2214
667  2227
667  2229
667  2230
667  2238
667  2239
667  2243
667  2244
667  2335
667  2336
667  2688
667  3596
667  3598
667  5232
667  5270
667  5818
667  5883
667  5884
670  671
670  1094
670  1095
670  1096
670  1097
670  1102
670  1106
670  1107
670  1110
670  1111
670  1112
670  1115
670  1119
670  1494
670  1525
670  2173
670  2177
670  2178
670  2179
670  2180
670  2181
670  2182
670  2189
670  2199
670  2220
670  2221
670  2222
670  2223
670  2224
670  2225
670  2234
670  2235
670  4635
670  5814
671  1110
671  1111
671  1112
671  1115
671  1116
671  1117
671  1118
671  1119
671  1120
671  1121
672  673
672  674
672  5237
673  674
676  677
676  2129
676  3526
676  3527
679  680
679  681
679  682
680  681
680  682
681  682
681  684
681  688
681  689
681  844
681  857
681  858
681  1363
681  1944
681  1976
681  2052
681  2107
681  2147
681  2559
681  2835
681  2876
681  3122
681  3336
681  3377
681  3494
681  3547
681  4403
681  4655
681  4965
681  4970
681  5403
681  5447
681  5460
681  5564
681  5825
681  5826
681  5827
681  5828
681  5829
681  5830
681  5834
681  5835
681  5836
681  5843
681  5844
681  5845
681  5846
681  5847
681  5848
681  5849
682  844
682  1363
682  1482
682  2312
682  2345
682  2717
682  2733
682  2735
682  2736
682  2737
682  2738
682  2739
682  2740
682  2741
682  2742
682  2743
682  2744
682  2757
682  2826
682  2854
682  2864
682  2865
682  2866
682  2867
682  2868
682  2869
682  2870
682  2871
682  3163
682  4704
682  4705
682  4706
682  5601
682  5602
682  5971
683  684
683  685
683  686
683  687
683  2270
683  2829
683  4010
683  4372
683  4516
683  4743
683  5442
683  5449
683  5450
683  5461
683  5546
683  5831
684  685
684  686
684  687
684  691
684  844
684  849
684  857
684  858
684  863
684  880
684  912
684  1040
684  1143
684  1426
684  1427
684  1502
684  1885
684  1944
684  1960
684  2024
684  2053
684  2058
684  2066
684  2086
684  2087
684  2088
684  2092
684  2113
684  2127
684  2140
684  2141
684  2147
684  2159
684  2258
684  2261
684  2313
684  2314
684  2315
684  2348
684  2372
684  2424
684  2443
684  2444
684  2448
684  2452
684  2453
684  2454
684  2455
684  2456
684  2652
684  2694
684  2706
684  2707
684  2732
684  2734
684  2790
684  2802
684  2803
684  2804
684  2819
684  2825
684  2827
684  2828
684  2830
684  2831
684  2832
684  2833
684  2834
684  2835
684  2836
684  2837
684  2838
684  2841
684  2845
684  2848
684  2855
684  2860
684  2861
684  2863
684  2872
684  2873
684  2874
684  2875
684  2876
684  2878
684  3331
684  3332
684  3551
684  4368
684  4370
684  4373
684  4374
684  4375
684  4382
684  4385
684  4388
684  4450
684  4453
684  4517
684  4518
684  4519
684  4520
684  4654
684  4692
684  4693
684  4694
684  4695
684  4696
684  4697
684  4698
684  4699
684  4700
684  4701
684  4703
684  4781
684  4794
684  4971
684  4985
684  5087
684  5088
684  5101
684  5103
684  5104
684  5106
684  5108
684  5436
684  5439
684  5443
684  5444
684  5445
684  5446
684  5447
684  5448
684  5452
684  5455
684  5459
684  5460
684  5471
684  5567
684  5827
684  5828
684  5829
684  5830
684  5837
684  5838
684  5839
684  5840
685  686
685  687
685  2330
685  2781
685  5343
685  5344
685  5437
685  5438
685  5487
685  5488
686  687
686  690
686  983
686  1291
686  1379
686  1409
686  1445
686  1458
686  1504
686  1511
686  2230
686  2337
686  2578
686  3587
686  4377
686  4378
686  4516
686  4725
686  5408
686  5571
686  5816
686  5842
686  5850
686  5851
686  5853
687  2264
687  2270
687  2780
687  2781
687  2782
687  4332
687  4333
687  4334
687  5425
687  5426
687  5427
687  5442
687  5456
687  5461
687  5547
687  5915
688  689
688  2876
688  3547
689  2052
689  2107
689  2839
689  2846
689  2856
689  3041
689  4654
689  4655
689  4706
689  5435
689  5564
689  5834
689  5835
689  5836
689  5843
689  5844
689  5845
689  5846
689  5847
689  5848
689  5849
689  5970
690  1268
690  1362
690  2372
690  4367
690  4516
690  5454
690  5842
691  692
691  693
691  694
691  2874
691  2876
692  693
692  694
692  2877
692  2879
692  2881
692  4335
692  4336
692  4337
693  694
693  2877
693  2879
693  2881
693  2882
693  4335
693  4336
693  4337
694  2442
696  697
696  698
697  698
698  5155
698  5157
698  5205
698  5234
699  700
699  701
699  702
700  701
700  702
700  801
700  1319
700  1578
700  1579
700  1580
700  2054
701  702
701  1454
701  1578
701  1579
701  1580
701  2399
703  704
703  705
703  706
704  705
704  706
705  706
706  5998
706  5999
707  3783
708  709
708  4231
708  4297
708  4300
708  4574
709  1737
709  4231
709  4294
709  4299
709  4300
709  4319
709  4328
709  5510
709  5511
710  2129
710  3960
710  5217
710  5221
710  5240
713  3215
713  3281
713  4934
714  1883
714  1888
714  2317
714  3124
714  3286
714  3471
714  5307
715  716
715  1154
715  1155
715  1552
715  2362
715  2387
715  2388
715  2417
715  2418
715  2645
715  3129
715  3131
715  3348
715  3349
715  3459
715  3465
715  3949
715  4180
715  4366
715  4541
715  4542
715  4543
715  4544
715  4545
715  4546
715  4547
715  4548
715  4549
715  4550
715  4551
715  4552
715  4553
715  4557
715  4560
715  4562
715  4563
715  4565
715  4566
715  4567
715  4568
715  4570
715  4576
715  4577
715  4581
715  4585
715  4586
715  4588
715  4589
715  4590
715  4591
715  4596
715  4603
715  4606
715  5117
715  5125
715  5128
715  5129
715  5596
715  5597
715  5600
715  5603
715  5619
715  5700
715  5701
715  5731
716  3348
716  3349
717  826
717  1226
717  1593
717  1594
717  1595
717  2400
717  4428
717  4593
718  1740
718  1741
718  1744
718  1745
718  4670
719  1098
719  3275
719  5172
719  5284
719  5578
719  5612
721  2289
721  4278
721  5187
722  723
722  1351
722  3164
722  3183
722  4690
723  1025
723  4191
724  847
724  1137
724  1787
724  1835
724  2479
724  2501
724  2523
724  2524
724  2527
724  2557
724  2583
724  2586
724  2587
724  2596
724  2597
724  2668
724  3687
724  3768
724  3824
724  3831
724  3835
724  3842
724  3874
724  3900
724  3901
724  4103
724  4135
724  5390
724  5413
725  726
725  3917
725  5045
726  1137
726  1230
726  2253
726  2524
726  2556
726  2592
726  2612
726  3857
726  3858
726  3859
726  3901
726  5020
726  5045
726  5477
727  728
727  729
727  730
727  731
727  732
727  738
727  754
727  769
727  770
727  771
727  772
727  969
727  1041
727  1042
727  1172
727  1173
727  1174
727  1187
727  1292
727  1304
727  1321
727  1322
727  1349
727  1352
727  3180
727  3181
727  3182
727  3186
727  3196
727  4532
727  5289
727  5290
728  729
728  730
728  731
728  732
728  738
728  769
728  770
728  771
728  772
728  773
728  780
728  781
728  788
728  791
728  792
728  800
728  815
728  1162
728  1163
728  1234
728  1248
728  1290
728  1299
728  1306
728  1307
728  1312
728  1313
728  1314
728  1710
728  1711
728  1852
728  3182
728  4449
728  4532
728  4679
728  4942
728  5285
728  5288
728  5289
729  730
729  731
729  732
730  731
730  732
730  738
730  789
730  811
730  1285
730  1292
730  1300
730  1327
730  1352
730  1847
730  1848
730  1849
730  1850
730  1851
730  1929
730  1959
730  1994
730  4437
730  4984
730  5291
731  732
731  776
731  777
731  778
731  808
731  811
731  2274
731  4437
732  1292
732  1321
732  1322
732  1349
732  3182
732  3186
732  3196
733  734
733  737
734  737
734  746
734  747
734  748
734  749
734  755
734  756
734  774
734  785
734  787
734  794
734  4939
734  4940
735  736
735  2342
735  3563
735  4331
735  4380
736  833
736  1409
736  1845
736  1868
736  1869
736  2055
736  2074
736  2075
736  2115
736  2321
736  2327
736  2342
736  3560
736  3561
736  3562
736  3563
736  3564
736  4331
736  4380
736  4896
736  5485
736  5880
736  5881
736  5890
736  5891
737  765
737  795
738  781
738  1041
738  1042
738  1054
738  1159
738  1277
738  1284
738  1300
738  1304
738  1312
738  1317
738  1318
738  1321
738  1327
738  1341
738  1720
738  1879
738  1959
738  1994
738  2408
738  3181
738  4449
738  4689
738  4909
